breast <-
  structure(list(T = as.integer(c(1, 0, 1, 1, 1, 1, 1, 1, 1, 1, 
                                  1, 0, 0, 1, 1, 0, 0, 1, 1, 0, 1, 1, 1, 0, 1, 1, 0, 0, 0, 0, 0, 
                                  1, 1, 1, 1, 1, 1, 0, 0, 1, 1, 0, 1, 0, 1, 0, 0, 0, 0, 1, 0, 0, 
                                  1, 0, 0, 1, 0, 0, 0, 0, 0, 0, 0, 0, 0, 0, 0, 0, 0, 0, 0, 0, 0, 
                                  1, 1, 0, 0, 1, 1, 0, 1, 0, 0, 1, 0, 0, 0, 0, 0, 1, 1, 1, 1, 0, 
                                  0, 1, 0, 0, 0, 0)), N = as.integer(c(0, 0, 1, 0, 1, 1, 0, 1, 
                                                                       0, 1, 1, 1, 1, 0, 1, 0, 1, 0, 0, 0, 0, 0, 0, 0, 0, 0, 0, 0, 1, 
                                                                       1, 1, 1, 0, 1, 0, 0, 1, 0, 1, 0, 1, 0, 1, 0, 0, 0, 0, 0, 1, 0, 
                                                                       0, 1, 1, 0, 0, 1, 0, 0, 0, 0, 0, 0, 0, 0, 0, 0, 0, 1, 1, 1, 1, 
                                                                       0, 0, 0, 0, 0, 0, 0, 0, 1, 0, 0, 0, 0, 0, 0, 0, 1, 0, 0, 0, 1, 
                                                                       0, 0, 1, 0, 0, 0, 0, 1)), G = as.integer(c(1, 1, 1, 1, 1, 1, 
                                                                                                                  1, 1, 1, 1, 1, 1, 1, 1, 1, 0, 1, 1, 1, 0, 1, 1, 1, 1, 1, 1, 0, 
                                                                                                                  1, 1, 1, 1, 1, 1, 1, 0, 0, 1, 1, 1, 1, 1, 1, 1, 1, 1, 0, 0, 1, 
                                                                                                                  1, 0, 1, 0, 1, 1, 1, 1, 1, 0, 0, 1, 1, 0, 1, 1, 0, 1, 1, 0, 1, 
                                                                                                                  1, 1, 0, 1, 0, 1, 0, 0, 1, 1, 1, 1, 0, 0, 1, 1, 1, 0, 1, 1, 1, 
                                                                                                                  1, 1, 0, 0, 0, 1, 1, 0, 1, 0)), CD = as.integer(c(0, 1, 1, 1, 
                                                                                                                                                                    0, 1, 0, 1, 0, 1, 1, 0, 0, 1, 1, 0, 0, 0, 1, 0, 0, 0, 0, 1, 0, 
                                                                                                                                                                    1, 0, 0, 0, 0, 0, 1, 0, 1, 0, 0, 1, 0, 0, 0, 1, 0, 0, 0, 0, 0, 
                                                                                                                                                                    1, 0, 0, 0, 0, 0, 0, 1, 0, 1, 1, 0, 0, 1, 0, 0, 0, 0, 0, 0, 0, 
                                                                                                                                                                    0, 0, 0, 0, 1, 0, 0, 0, 1, 0, 0, 0, 0, 1, 0, 0, 0, 1, 0, 0, 0, 
                                                                                                                                                                    1, 0, 1, 1, 0, 0, 0, 0, 1, 1, 0, 0)), TIME = c(1.546052632, 3.519736842, 
                                                                                                                                                                                                                   8.059210526, 8.651315789, 12.13815789, 12.36842105, 13.05921053, 
                                                                                                                                                                                                                   14.76973684, 18.84868421, 20.03289474, 20.72368421, 21.64473684, 
                                                                                                                                                                                                                   23.35526316, 23.68421053, 26.61184211, 27.96052632, 28.35526316, 
                                                                                                                                                                                                                   30.42763158, 30.52631579, 30.92105263, 33.09210526, 36.90789474, 
                                                                                                                                                                                                                   37.26973684, 39.90131579, 40.16447368, 41.25, 41.61184211, 44.93421053, 
                                                                                                                                                                                                                   47.46710526, 47.46710526, 47.96052632, 49.04605263, 50, 55.26315789, 
                                                                                                                                                                                                                   56.77631579, 58.02631579, 58.35526316, 58.71710526, 59.67105263, 
                                                                                                                                                                                                                   60.23026316, 60.59210526, 62.36842105, 62.56578947, 63.48684211, 
                                                                                                                                                                                                                   64.17763158, 64.90131579, 67.30263158, 70.09868421, 70.32894737, 
                                                                                                                                                                                                                   72, 72, 72, 72, 72, 72, 72, 72, 72, 72, 72, 72, 72, 72, 72, 72, 
                                                                                                                                                                                                                   72, 72, 72, 72, 72, 72, 72, 72, 72, 72, 72, 72, 72, 72, 72, 72, 
                                                                                                                                                                                                                   72, 72, 72, 72, 72, 72, 72, 72, 72, 72, 72, 72, 72, 72, 72, 72, 
                                                                                                                                                                                                                   72, 72, 72),